0.000000    1.000000 
0.050000    0.950000 
0.100000    0.902500 
0.150000    0.857375 
0.200000    0.814506 
0.250000    0.773781 
0.300000    0.735092 
0.350000    0.698337 
0.400000    0.663420 
0.450000    0.630249 
0.500000    0.598737 
0.550000    0.568800 
0.600000    0.540360 
0.650000    0.513342 
0.700000    0.487675 
0.750000    0.463291 
0.800000    0.440127 
0.850000    0.418120 
0.900000    0.397214 
0.950000    0.377354 
1.000000    0.358486 
1.050000    0.340562 
1.100000    0.323534 
1.150000    0.307357 
1.200000    0.291989 
1.250000    0.277390 
1.300000    0.263520 
1.350000    0.250344 
1.400000    0.237827 
1.450000    0.225936 
1.500000    0.214639 
1.550000    0.203907 
1.600000    0.193711 
1.650000    0.184026 
1.700000    0.174825 
1.750000    0.166083 
1.800000    0.157779 
1.850000    0.149890 
1.900000    0.142396 
1.950000    0.135276 
2.000000    0.128512 
2.050000    0.122087 
2.100000    0.115982 
2.150000    0.110183 
2.200000    0.104674 
2.250000    0.099440 
2.300000    0.094468 
2.350000    0.089745 
2.400000    0.085258 
2.450000    0.080995 
2.500000    0.076945 
2.550000    0.073098 
2.600000    0.069443 
2.650000    0.065971 
2.700000    0.062672 
2.750000    0.059539 
2.800000    0.056562 
2.850000    0.053734 
2.900000    0.051047 
2.950000    0.048495 
3.000000    0.046070 
3.050000    0.043766 
3.100000    0.041578 
3.150000    0.039499 
3.200000    0.037524 
3.250000    0.035648 
3.300000    0.033866 
3.350000    0.032172 
3.400000    0.030564 
3.450000    0.029035 
3.500000    0.027584 
3.550000    0.026205 
3.600000    0.024894 
3.650000    0.023650 
3.700000    0.022467 
3.750000    0.021344 
3.800000    0.020277 
3.850000    0.019263 
3.900000    0.018300 
3.950000    0.017385 
4.000000    0.016515 
4.050000    0.015690 
4.100000    0.014905 
4.150000    0.014160 
4.200000    0.013452 
4.250000    0.012779 
4.300000    0.012140 
4.350000    0.011533 
4.400000    0.010957 
4.450000    0.010409 
4.500000    0.009888 
4.550000    0.009394 
4.600000    0.008924 
4.650000    0.008478 
4.700000    0.008054 
4.750000    0.007651 
4.800000    0.007269 
4.850000    0.006905 
4.900000    0.006560 
4.950000    0.006232 
5.000000    0.005921 
5.050000    0.005625 
5.100000    0.005343 
5.150000    0.005076 
5.200000    0.004822 
5.250000    0.004581 
5.300000    0.004352 
5.350000    0.004135 
5.400000    0.003928 
5.450000    0.003731 
5.500000    0.003545 
5.550000    0.003368 
5.600000    0.003199 
5.650000    0.003039 
5.700000    0.002887 
5.750000    0.002743 
5.800000    0.002606 
5.850000    0.002475 
5.900000    0.002352 
5.950000    0.002234 
6.000000    0.002122 
6.050000    0.002016 
6.100000    0.001915 
6.150000    0.001820 
6.200000    0.001729 
6.250000    0.001642 
6.300000    0.001560 
6.350000    0.001482 
6.400000    0.001408 
6.450000    0.001338 
6.500000    0.001271 
6.550000    0.001207 
6.600000    0.001147 
6.650000    0.001090 
6.700000    0.001035 
6.750000    0.000983 
6.800000    0.000934 
6.850000    0.000887 
6.900000    0.000843 
6.950000    0.000801 
7.000000    0.000761 
7.050000    0.000723 
7.100000    0.000687 
7.150000    0.000652 
7.200000    0.000620 
7.250000    0.000589 
7.300000    0.000559 
7.350000    0.000531 
7.400000    0.000505 
7.450000    0.000480 
7.500000    0.000456 
7.550000    0.000433 
7.600000    0.000411 
7.650000    0.000391 
7.700000    0.000371 
7.750000    0.000352 
7.800000    0.000335 
7.850000    0.000318 
7.900000    0.000302 
7.950000    0.000287 
8.000000    0.000273 
8.050000    0.000259 
8.100000    0.000246 
8.150000    0.000234 
8.200000    0.000222 
8.250000    0.000211 
8.300000    0.000201 
8.350000    0.000190 
8.400000    0.000181 
8.450000    0.000172 
8.500000    0.000163 
8.550000    0.000155 
8.600000    0.000147 
8.650000    0.000140 
8.700000    0.000133 
8.750000    0.000126 
8.800000    0.000120 
8.850000    0.000114 
8.900000    0.000108 
8.950000    0.000103 
9.000000    0.000098 
9.050000    0.000093 
9.100000    0.000088 
9.150000    0.000084 
9.200000    0.000080 
9.250000    0.000076 
9.300000    0.000072 
9.350000    0.000068 
9.400000    0.000065 
9.450000    0.000062 
9.500000    0.000059 
9.550000    0.000056 
9.600000    0.000053 
9.650000    0.000050 
9.700000    0.000048 
9.750000    0.000045 
9.800000    0.000043 
9.850000    0.000041 
9.900000    0.000039 
9.950000    0.000037 
