                      0.000000              631952837.000000                6532892.000000                 325634.000000                 -23630.000000             4567843432.000000             -467456634.000000                  15324.000000                 -36234.000000
                      0.500000              631952837.000000                6532892.000000                          -nan                 -23630.000000             4567843432.000000             -467456634.000000                  15324.000000                 -36234.000000
                      1.000000              631952837.000000                6532892.000000                          -nan                 -23630.000000             4567843432.000000             -467456634.000000                  15324.000000                 -36234.000000
                      1.500000              631952837.000000                6532892.000000                          -nan                 -23630.000000             4567843432.000000             -467456634.000000                  15324.000000                 -36234.000000
                      2.000000              631952837.000000                6532892.000000                          -nan                 -23630.000000             4567843432.000000             -467456634.000000                  15324.000000                 -36234.000000
                      2.500000              631952837.000000                6532892.000000                          -nan                 -23630.000000             4567843432.000000             -467456634.000000                  15324.000000                 -36234.000000
                      3.000000              631952837.000000                6532892.000000                          -nan                 -23630.000000             4567843432.000000             -467456634.000000                  15324.000000                 -36234.000000
                      3.500000              631952837.000000                6532892.000000                          -nan                 -23630.000000             4567843432.000000             -467456634.000000                  15324.000000                 -36234.000000
                      4.000000              631952837.000000                6532892.000000                          -nan                 -23630.000000             4567843432.000000             -467456634.000000                  15324.000000                 -36234.000000
                      4.500000              631952837.000000                6532892.000000                          -nan                 -23630.000000             4567843432.000000             -467456634.000000                  15324.000000                 -36234.000000
                      5.000000              631952837.000000                6532892.000000                          -nan                 -23630.000000             4567843432.000000             -467456634.000000                  15324.000000                 -36234.000000
                      5.500000              631952837.000000                6532892.000000                          -nan                 -23630.000000             4567843432.000000             -467456634.000000                  15324.000000                 -36234.000000
                      6.000000              631952837.000000                6532892.000000                          -nan                 -23630.000000             4567843432.000000             -467456634.000000                  15324.000000                 -36234.000000
                      6.500000              631952837.000000                6532892.000000                          -nan                 -23630.000000             4567843432.000000             -467456634.000000                  15324.000000                 -36234.000000
                      7.000000              631952837.000000                6532892.000000                          -nan                 -23630.000000             4567843432.000000             -467456634.000000                  15324.000000                 -36234.000000
                      7.500000              631952837.000000                6532892.000000                          -nan                 -23630.000000             4567843432.000000             -467456634.000000                  15324.000000                 -36234.000000
                      8.000000              631952837.000000                6532892.000000                          -nan                 -23630.000000             4567843432.000000             -467456634.000000                  15324.000000                 -36234.000000
                      8.500000              631952837.000000                6532892.000000                          -nan                 -23630.000000             4567843432.000000             -467456634.000000                  15324.000000                 -36234.000000
                      9.000000              631952837.000000                6532892.000000                          -nan                 -23630.000000             4567843432.000000             -467456634.000000                  15324.000000                 -36234.000000
                      9.500000              631952837.000000                6532892.000000                          -nan                 -23630.000000             4567843432.000000             -467456634.000000                  15324.000000                 -36234.000000
                     10.000000              631952837.000000                6532892.000000                          -nan                 -23630.000000             4567843432.000000             -467456634.000000                  15324.000000                 -36234.000000
                     10.500000              631952837.000000                6532892.000000                          -nan                 -23630.000000             4567843432.000000             -467456634.000000                  15324.000000                 -36234.000000
                     11.000000              631952837.000000                6532892.000000                          -nan                 -23630.000000             4567843432.000000             -467456634.000000                  15324.000000                 -36234.000000
                     11.500000              631952837.000000                6532892.000000                          -nan                 -23630.000000             4567843432.000000             -467456634.000000                  15324.000000                 -36234.000000
                     12.000000              631952837.000000                6532892.000000                          -nan                 -23630.000000             4567843432.000000             -467456634.000000                  15324.000000                 -36234.000000
                     12.500000              631952837.000000                6532892.000000                          -nan                 -23630.000000             4567843432.000000             -467456634.000000                  15324.000000                 -36234.000000
                     13.000000              631952837.000000                6532892.000000                          -nan                 -23630.000000             4567843432.000000             -467456634.000000                  15324.000000                 -36234.000000
                     13.500000              631952837.000000                6532892.000000                          -nan                 -23630.000000             4567843432.000000             -467456634.000000                  15324.000000                 -36234.000000
                     14.000000              631952837.000000                6532892.000000                          -nan                 -23630.000000             4567843432.000000             -467456634.000000                  15324.000000                 -36234.000000
                     14.500000              631952837.000000                6532892.000000                          -nan                 -23630.000000             4567843432.000000             -467456634.000000                  15324.000000                 -36234.000000
                     15.000000              631952837.000000                6532892.000000                          -nan                 -23630.000000             4567843432.000000             -467456634.000000                  15324.000000                 -36234.000000
                     15.500000              631952837.000000                6532892.000000                          -nan                 -23630.000000             4567843432.000000             -467456634.000000                  15324.000000                 -36234.000000
                     16.000000              631952837.000000                6532892.000000                          -nan                 -23630.000000             4567843432.000000             -467456634.000000                  15324.000000                 -36234.000000
                     16.500000              631952837.000000                6532892.000000                          -nan                 -23630.000000             4567843432.000000             -467456634.000000                  15324.000000                 -36234.000000
                     17.000000              631952837.000000                6532892.000000                          -nan                 -23630.000000             4567843432.000000             -467456634.000000                  15324.000000                 -36234.000000
                     17.500000              631952837.000000                6532892.000000                          -nan                 -23630.000000             4567843432.000000             -467456634.000000                  15324.000000                 -36234.000000
                     18.000000              631952837.000000                6532892.000000                          -nan                 -23630.000000             4567843432.041667             -467456633.958333                  15324.000000                 -36234.000000
                     18.500000              631952837.000000                6532892.000000                          -nan                 -23630.000000             4567843432.041667             -467456633.958333                  15324.000000                 -36234.000000
                     19.000000              631952837.000000                6532892.000000                          -nan                 -23630.000000             4567843432.041667             -467456633.958333                  15324.000000                 -36234.000000
                     19.500000              631952837.000000                6532892.000000                          -nan                 -23630.000000             4567843432.041667             -467456633.958333                  15324.000000                 -36234.000000
