                0                   0                   0            0.000            0.000       151410.000            0.000       325634.000       -23630.000       151460.000            0.000        15324.000       -36234.000
          8640000                   0                   0            0.000            0.000-19949927919260014450.000-204163182830.989-2309019435099.590       -23629.996-20746310440200338902.000-313046712432.301-2401193337987.089       -36230.081
         17280000                   0                   0            0.000            0.000-39899855838520476056.000-408326344200.711-2309019435099.590       -23629.996-41492620880408784592.000-626074614317.872-2401193337987.089       -36230.081
         25920000                   0                   0            0.000            0.000-59849783757780937664.000-612489505570.433-2309019435099.590       -23629.996-62238931320617230288.000-939102516203.444-2401193337987.089       -36230.081
         34560000                   0                   0            0.000            0.000-79799711677041399280.000-816652666940.155-2309019435099.590       -23629.996-82985241760825675984.000-1252130418089.016-2401193337987.089       -36230.081
         43200000                   0                   0            0.000            0.000-99749639596301860896.000-1020815828309.877-2309019435099.590       -23629.996-103731552201034121680.000-1565158319974.588-2401193337987.089       -36230.081
         51840000                   0                   0            0.000            0.000-119699567515562322512.000-1224978989679.599-2309019435099.590       -23629.996-124477862641242567376.000-1878186221860.159-2401193337987.089       -36230.081
         60480000                   0                   0            0.000            0.000-139649495434822784128.000-1429142151049.320-2309019435099.590       -23629.996-145224173081451013072.000-2191214123745.731-2401193337987.089       -36230.081
         69120000                   0                   0            0.000            0.000-159599423354083245760.000-1633305312419.042-2309019435099.590       -23629.996-165970483521659458768.000-2504242025631.303-2401193337987.089       -36230.081
         77760000                   0                   0            0.000            0.000-179549351273343707392.000-1837468473788.764-2309019435099.590       -23629.996-186716793961867904464.000-2817269927516.875-2401193337987.089       -36230.081
         86400000                   0                   0            0.000            0.000-199499279192604169024.000-2041631635158.486-2309019435099.590       -23629.996-207463104402076350160.000-3130297829402.446-2401193337987.089       -36230.081
         95040000                   0                   0            0.000            0.000-219449207111864630656.000-2245794796528.208-2309019435099.590       -23629.996-228209414842284795856.000-3443325731288.018-2401193337987.089       -36230.081
        103680000                   0                   0            0.000            0.000-239399135031125092288.000-2449957957897.930-2309019435099.590       -23629.996-248955725282493241552.000-3756353633173.590-2401193337987.089       -36230.081
        112320000                   0                   0            0.000            0.000-259349062950385553920.000-2654121119267.652-2309019435099.590       -23629.996-269702035722701687248.000-4069381535059.162-2401193337987.089       -36230.081
        120960000                   0                   0            0.000            0.000-279298990869646015552.000-2858284280637.374-2309019435099.590       -23629.996-290448346162910132944.000-4382409436944.733-2401193337987.089       -36230.081
        129600000                   0                   0            0.000            0.000-299248918788906477184.000-3062447442007.096-2309019435099.590       -23629.996-311194656603118578624.000-4695437338830.305-2401193337987.089       -36230.081
        138240000                   0                   0            0.000            0.000-319198846708166938816.000-3266610603376.818-2309019435099.590       -23629.996-331940967043327024320.000-5008465240715.877-2401193337987.089       -36230.081
        146880000                   0                   0            0.000            0.000-339148774627427400448.000-3470773764746.540-2309019435099.590       -23629.996-352687277483535470016.000-5321493142601.449-2401193337987.089       -36230.081
        155520000                   0                   0            0.000            0.000-359098702546687862080.000-3674936926116.262-2309019435099.590       -23629.996-373433587923743915712.000-5634521044487.020-2401193337987.089       -36230.081
        164160000                   0                   0            0.000            0.000-379048630465948323712.000-3879100087485.984-2309019435099.590       -23629.996-394179898363952361408.000-5947548946372.592-2401193337987.089       -36230.081
        172800000                   0                   0            0.000            0.000-398998558385208785344.000-4083263248855.706-2309019435099.590       -23629.996-414926208804160807104.000-6260576848258.164-2401193337987.089       -36230.081
        181440000                   0                   0            0.000            0.000-418948486304469246976.000-4287426410225.428-2309019435099.590       -23629.996-435672519244369252800.000-6573604750143.736-2401193337987.089       -36230.081
        190080000                   0                   0            0.000            0.000-438898414223729708608.000-4491589571595.150-2309019435099.590       -23629.996-456418829684577698496.000-6886632652029.307-2401193337987.089       -36230.081
        198720000                   0                   0            0.000            0.000-458848342142990170240.000-4695752732964.872-2309019435099.590       -23629.996-477165140124786144192.000-7199660553914.879-2401193337987.089       -36230.081
        207360000                   0                   0            0.000            0.000-478798270062250631872.000-4899915894334.593-2309019435099.590       -23629.996-497911450564994589888.000-7512688455800.451-2401193337987.089       -36230.081
        216000000                   0                   0            0.000            0.000-498748197981511093504.000-5104079055704.315-2309019435099.590       -23629.996-518657761005203035584.000-7825716357686.023-2401193337987.089       -36230.081
        224640000                   0                   0            0.000            0.000-518698125900771555136.000-5308242217074.037-2309019435099.590       -23629.996-539404071445411481280.000-8138744259571.594-2401193337987.089       -36230.081
        233280000                   0                   0            0.000            0.000-538648053820032016768.000-5512405378443.759-2309019435099.590       -23629.996-560150381885619926976.000-8451772161457.166-2401193337987.089       -36230.081
        241920000                   0                   0            0.000            0.000-558597981739292478400.000-5716568539813.481-2309019435099.590       -23629.996-580896692325828372672.000-8764800063342.738-2401193337987.089       -36230.081
        250560000                   0                   0            0.000            0.000-578547909658552940032.000-5920731701183.203-2309019435099.590       -23629.996-601643002766036818368.000-9077827965228.310-2401193337987.089       -36230.081
        259200000                   0                   0            0.000            0.000-598497837577813401600.000-6124894862552.925-2309019435099.590       -23629.996-622389313206245264064.000-9390855867113.881-2401193337987.089       -36230.081
        267840000                   0                   0            0.000            0.000-618447765497073863168.000-6329058023922.647-2309019435099.590       -23629.996-643135623646453709760.000-9703883768999.453-2401193337987.089       -36230.081
        276480000                   0                   0            0.000            0.000-638397693416334324736.000-6533221185292.369-2309019435099.590       -23629.996-663881934086662155456.000-10016911670885.025-2401193337987.089       -36230.081
        285120000                   0                   0            0.000            0.000-658347621335594786304.000-6737384346662.091-2309019435099.590       -23629.996-684628244526870601152.000-10329939572770.597-2401193337987.089       -36230.081
        293760000                   0                   0            0.000            0.000-678297549254855247872.000-6941547508031.813-2309019435099.590       -23629.996-705374554967079046848.000-10642967474656.168-2401193337987.089       -36230.081
        302400000                   0                   0            0.000            0.000-698247477174115709440.000-7145710669401.535-2309019435099.590       -23629.996-726120865407287492544.000-10955995376541.740-2401193337987.089       -36230.081
        311040000                   0                   0            0.000            0.000-718197405093376171008.000-7349873830771.257-2309019435099.590       -23629.996-746867175847495938240.000-11269023278427.312-2401193337987.089       -36230.081
        319680000                   0                   0            0.000            0.000-738147333012636632576.000-7554036992140.979-2309019435099.590       -23629.996-767613486287704383936.000-11582051180312.884-2401193337987.089       -36230.081
        328320000                   0                   0            0.000            0.000-758097260931897094144.000-7758200153510.701-2309019435099.590       -23629.996-788359796727912829632.000-11895079082198.455-2401193337987.089       -36230.081
        336960000                   0                   0            0.000            0.000-778047188851157555712.000-7962363314880.423-2309019435099.590       -23629.996-809106107168121275328.000-12208106984084.027-2401193337987.089       -36230.081
        345600000                   0                   0            0.000            0.000-797997116770418017280.000-8166526476250.145-2309019435099.590       -23629.996-829852417608329721024.000-12521134885969.599-2401193337987.089       -36230.081
        354240000                   0                   0            0.000            0.000-817947044689678478848.000-8370689637619.866-2309019435099.590       -23629.996-850598728048538166720.000-12834162787855.171-2401193337987.089       -36230.081
        362880000                   0                   0            0.000            0.000-837896972608938940416.000-8574852798989.588-2309019435099.590       -23629.996-871345038488746612416.000-13147190689740.742-2401193337987.089       -36230.081
        371520000                   0                   0            0.000            0.000-857846900528199401984.000-8779015960359.310-2309019435099.590       -23629.996-892091348928955058112.000-13460218591626.314-2401193337987.089       -36230.081
        380160000                   0                   0            0.000            0.000-877796828447459863552.000-8983179121729.032-2309019435099.590       -23629.996-912837659369163503808.000-13773246493511.886-2401193337987.089       -36230.081
        388800000                   0                   0            0.000            0.000-897746756366720325120.000-9187342283098.754-2309019435099.590       -23629.996-933583969809371949504.000-14086274395397.458-2401193337987.089       -36230.081
        397440000                   0                   0            0.000            0.000-917696684285980786688.000-9391505444468.476-2309019435099.590       -23629.996-954330280249580395200.000-14399302297283.029-2401193337987.089       -36230.081
        406080000                   0                   0            0.000            0.000-937646612205241248256.000-9595668605838.198-2309019435099.590       -23629.996-975076590689788840896.000-14712330199168.601-2401193337987.089       -36230.081
        414720000                   0                   0            0.000            0.000-957596540124501709824.000-9799831767207.920-2309019435099.590       -23629.996-995822901129997286592.000-15025358101054.173-2401193337987.089       -36230.081
        423360000                   0                   0            0.000            0.000-977546468043762171392.000-10003994928577.642-2309019435099.590       -23629.996-1016569211570205732288.000-15338386002939.745-2401193337987.089       -36230.081
        432000000                   0                   0            0.000            0.000-997496395963022632960.000-10208158089947.364-2309019435099.590       -23629.996-1037315522010414177984.000-15651413904825.316-2401193337987.089       -36230.081
        440640000                   0                   0            0.000            0.000-1017446323882283094528.000-10412321251317.086-2309019435099.590       -23629.996-1058061832450622623680.000-15964441806710.888-2401193337987.089       -36230.081
        449280000                   0                   0            0.000            0.000-1037396251801543556096.000-10616484412686.808-2309019435099.590       -23629.996-1078808142890831069376.000-16277469708596.460-2401193337987.089       -36230.081
        457920000                   0                   0            0.000            0.000-1057346179720804017664.000-10820647574056.530-2309019435099.590       -23629.996-1099554453331039515072.000-16590497610482.032-2401193337987.089       -36230.081
        466560000                   0                   0            0.000            0.000-1077296107640064479232.000-11024810735426.252-2309019435099.590       -23629.996-1120300763771247960768.000-16903525512367.603-2401193337987.089       -36230.081
        475200000                   0                   0            0.000            0.000-1097246035559324940800.000-11228973896795.974-2309019435099.590       -23629.996-1141047074211456406464.000-17216553414253.175-2401193337987.089       -36230.081
        483840000                   0                   0            0.000            0.000-1117195963478585402368.000-11433137058165.696-2309019435099.590       -23629.996-1161793384651664852160.000-17529581316138.747-2401193337987.089       -36230.081
        492480000                   0                   0            0.000            0.000-1137145891397845863936.000-11637300219535.418-2309019435099.590       -23629.996-1182539695091873297792.000-17842609218024.319-2401193337987.089       -36230.081
        501120000                   0                   0            0.000            0.000-1157095819317106325504.000-11841463380905.139-2309019435099.590       -23629.996-1203286005532081743488.000-18155637119909.890-2401193337987.089       -36230.081
        509760000                   0                   0            0.000            0.000-1177045747236366787072.000-12045626542274.861-2309019435099.590       -23629.996-1224032315972290189184.000-18468665021795.462-2401193337987.089       -36230.081
        518400000                   0                   0            0.000            0.000-1196995675155627248640.000-12249789703644.583-2309019435099.590       -23629.996-1244778626412498634880.000-18781692923681.034-2401193337987.089       -36230.081
        527040000                   0                   0            0.000            0.000-1216945603074887710208.000-12453952865014.305-2309019435099.590       -23629.996-1265524936852707080576.000-19094720825566.606-2401193337987.089       -36230.081
        535680000                   0                   0            0.000            0.000-1236895530994148171776.000-12658116026384.027-2309019435099.590       -23629.996-1286271247292915526272.000-19407748727452.177-2401193337987.089       -36230.081
        544320000                   0                   0            0.000            0.000-1256845458913408633344.000-12862279187753.749-2309019435099.590       -23629.996-1307017557733123971968.000-19720776629337.749-2401193337987.089       -36230.081
        552960000                   0                   0            0.000            0.000-1276795386832669094912.000-13066442349123.471-2309019435099.590       -23629.996-1327763868173332417664.000-20033804531223.321-2401193337987.089       -36230.081
        561600000                   0                   0            0.000            0.000-1296745314751929556480.000-13270605510493.193-2309019435099.590       -23629.996-1348510178613540863360.000-20346832433108.893-2401193337987.089       -36230.081
        570240000                   0                   0            0.000            0.000-1316695242671190018048.000-13474768671862.915-2309019435099.590       -23629.996-1369256489053749309056.000-20659860334994.464-2401193337987.089       -36230.081
        578880000                   0                   0            0.000            0.000-1336645170590450479616.000-13678931833232.637-2309019435099.590       -23629.996-1390002799493957754752.000-20972888236880.036-2401193337987.089       -36230.081
        587520000                   0                   0            0.000            0.000-1356595098509710941184.000-13883094994602.359-2309019435099.590       -23629.996-1410749109934166200448.000-21285916138765.608-2401193337987.089       -36230.081
        596160000                   0                   0            0.000            0.000-1376545026428971402752.000-14087258155972.081-2309019435099.590       -23629.996-1431495420374374646144.000-21598944040651.180-2401193337987.089       -36230.081
        604800000                   0                   0            0.000            0.000-1396494954348231864320.000-14291421317341.803-2309019435099.590       -23629.996-1452241730814583091840.000-21911971942536.751-2401193337987.089       -36230.081
        613440000                   0                   0            0.000            0.000-1416444882267492325888.000-14495584478711.525-2309019435099.590       -23629.996-1472988041254791537536.000-22224999844422.323-2401193337987.089       -36230.081
        622080000                   0                   0            0.000            0.000-1436394810186752787456.000-14699747640081.247-2309019435099.590       -23629.996-1493734351694999983232.000-22538027746307.895-2401193337987.089       -36230.081
        630720000                   0                   0            0.000            0.000-1456344738106013249024.000-14903910801450.969-2309019435099.590       -23629.996-1514480662135208428928.000-22851055648193.467-2401193337987.089       -36230.081
        639360000                   0                   0            0.000            0.000-1476294666025273710592.000-15108073962820.691-2309019435099.590       -23629.996-1535226972575416874624.000-23164083550079.038-2401193337987.089       -36230.081
        648000000                   0                   0            0.000            0.000-1496244593944534172160.000-15312237124190.412-2309019435099.590       -23629.996-1555973283015625320320.000-23477111451964.610-2401193337987.089       -36230.081
        656640000                   0                   0            0.000            0.000-1516194521863794633728.000-15516400285560.134-2309019435099.590       -23629.996-1576719593455833766016.000-23790139353850.182-2401193337987.089       -36230.081
        665280000                   0                   0            0.000            0.000-1536144449783055095296.000-15720563446929.856-2309019435099.590       -23629.996-1597465903896042211712.000-24103167255735.754-2401193337987.089       -36230.081
        673920000                   0                   0            0.000            0.000-1556094377702315556864.000-15924726608299.578-2309019435099.590       -23629.996-1618212214336250657408.000-24416195157621.325-2401193337987.089       -36230.081
        682560000                   0                   0            0.000            0.000-1576044305621576018432.000-16128889769669.300-2309019435099.590       -23629.996-1638958524776459103104.000-24729223059506.897-2401193337987.089       -36230.081
        691200000                   0                   0            0.000            0.000-1595994233540836480000.000-16333052931039.022-2309019435099.590       -23629.996-1659704835216667548800.000-25042250961392.469-2401193337987.089       -36230.081
        699840000                   0                   0            0.000            0.000-1615944161460096941568.000-16537216092408.744-2309019435099.590       -23629.996-1680451145656875994496.000-25355278863278.041-2401193337987.089       -36230.081
        708480000                   0                   0            0.000            0.000-1635894089379357403136.000-16741379253778.466-2309019435099.590       -23629.996-1701197456097084440192.000-25668306765163.612-2401193337987.089       -36230.081
        717120000                   0                   0            0.000            0.000-1655844017298617864704.000-16945542415148.188-2309019435099.590       -23629.996-1721943766537292885888.000-25981334667049.184-2401193337987.089       -36230.081
        725760000                   0                   0            0.000            0.000-1675793945217878326272.000-17149705576517.910-2309019435099.590       -23629.996-1742690076977501331584.000-26294362568934.756-2401193337987.089       -36230.081
        734400000                   0                   0            0.000            0.000-1695743873137138787840.000-17353868737887.632-2309019435099.590       -23629.996-1763436387417709777280.000-26607390470820.328-2401193337987.089       -36230.081
        743040000                   0                   0            0.000            0.000-1715693801056399249408.000-17558031899257.354-2309019435099.590       -23629.996-1784182697857918222976.000-26920418372705.899-2401193337987.089       -36230.081
        751680000                   0                   0            0.000            0.000-1735643728975659710976.000-17762195060627.076-2309019435099.590       -23629.996-1804929008298126668672.000-27233446274591.471-2401193337987.089       -36230.081
        760320000                   0                   0            0.000            0.000-1755593656894920172544.000-17966358221996.798-2309019435099.590       -23629.996-1825675318738335114368.000-27546474176477.043-2401193337987.089       -36230.081
        768960000                   0                   0            0.000            0.000-1775543584814180634112.000-18170521383366.520-2309019435099.590       -23629.996-1846421629178543560064.000-27859502078362.615-2401193337987.089       -36230.081
        777600000                   0                   0            0.000            0.000-1795493512733441095680.000-18374684544736.242-2309019435099.590       -23629.996-1867167939618752005760.000-28172529980248.186-2401193337987.089       -36230.081
        786240000                   0                   0            0.000            0.000-1815443440652701557248.000-18578847706105.964-2309019435099.590       -23629.996-1887914250058960451456.000-28485557882133.758-2401193337987.089       -36230.081
        794880000                   0                   0            0.000            0.000-1835393368571962018816.000-18783010867475.685-2309019435099.590       -23629.996-1908660560499168897152.000-28798585784019.330-2401193337987.089       -36230.081
        803520000                   0                   0            0.000            0.000-1855343296491222480384.000-18987174028845.407-2309019435099.590       -23629.996-1929406870939377342848.000-29111613685904.902-2401193337987.089       -36230.081
        812160000                   0                   0            0.000            0.000-1875293224410482941952.000-19191337190215.129-2309019435099.590       -23629.996-1950153181379585788544.000-29424641587790.473-2401193337987.089       -36230.081
        820800000                   0                   0            0.000            0.000-1895243152329743403520.000-19395500351584.851-2309019435099.590       -23629.996-1970899491819794234240.000-29737669489676.045-2401193337987.089       -36230.081
        829440000                   0                   0            0.000            0.000-1915193080249003865088.000-19599663512954.573-2309019435099.590       -23629.996-1991645802260002679936.000-30050697391561.617-2401193337987.089       -36230.081
        838080000                   0                   0            0.000            0.000-1935143008168264326656.000-19803826674324.295-2309019435099.590       -23629.996-2012392112700211125632.000-30363725293447.189-2401193337987.089       -36230.081
        846720000                   0                   0            0.000            0.000-1955092936087524788224.000-20007989835694.017-2309019435099.590       -23629.996-2033138423140419571328.000-30676753195332.760-2401193337987.089       -36230.081
        855360000                   0                   0            0.000            0.000-1975042864006785249792.000-20212152997063.739-2309019435099.590       -23629.996-2053884733580628017024.000-30989781097218.332-2401193337987.089       -36230.081
        864000000                   0                   0            0.000            0.000-1994992791926045711360.000-20416316158433.461-2309019435099.590       -23629.996-2074631044020836462720.000-31302808999103.904-2401193337987.089       -36230.081
        872640000                   0                   0            0.000            0.000-2014942719845306172928.000-20620479319803.183-2309019435099.590       -23629.996-2095377354461044908416.000-31615836900989.476-2401193337987.089       -36230.081
