0.000000    0.000000    1.000000
0.050000    0.049984    0.998958
0.100000    0.099865    0.995420
0.150000    0.149516    0.989391
0.200000    0.198814    0.980887
0.250000    0.247636    0.969928
0.300000    0.295860    0.956540
0.350000    0.343364    0.940755
0.400000    0.390029    0.922612
0.450000    0.435739    0.902156
0.500000    0.480379    0.879436
0.550000    0.523837    0.854509
0.600000    0.566003    0.827435
0.650000    0.606772    0.798282
0.700000    0.646042    0.767122
0.750000    0.683713    0.734031
0.800000    0.719691    0.699091
0.850000    0.753885    0.662390
0.900000    0.786209    0.624017
0.950000    0.816582    0.584069
1.000000    0.844925    0.542645
1.050000    0.871169    0.499846
1.100000    0.895246    0.455781
1.150000    0.917096    0.410558
1.200000    0.936662    0.364290
1.250000    0.953895    0.317092
1.300000    0.968751    0.269082
1.350000    0.981192    0.220379
1.400000    0.991186    0.171105
1.450000    0.998706    0.121383
1.500000    1.003733    0.071337
1.550000    1.006253    0.021092
1.600000    1.006260   -0.029227
1.650000    1.003751   -0.079494
1.700000    0.998732   -0.129583
1.750000    0.991214   -0.179369
1.800000    0.981216   -0.228727
1.850000    0.968762   -0.277535
1.900000    0.953880   -0.325669
1.950000    0.936608   -0.373008
2.000000    0.916988   -0.419436
2.050000    0.895068   -0.464834
2.100000    0.870901   -0.509089
2.150000    0.844548   -0.552091
2.200000    0.816072   -0.593730
2.250000    0.785545   -0.633902
2.300000    0.753042   -0.672507
2.350000    0.718643   -0.709447
2.400000    0.682433   -0.744629
2.450000    0.644502   -0.777964
2.500000    0.604945   -0.809369
2.550000    0.563859   -0.838764
2.600000    0.521347   -0.866074
2.650000    0.477513   -0.891231
2.700000    0.432468   -0.914171
2.750000    0.386324   -0.934836
2.800000    0.339194   -0.953172
2.850000    0.291197   -0.969134
2.900000    0.242452   -0.982680
2.950000    0.193081   -0.993775
3.000000    0.143207   -1.002391
3.050000    0.092954   -1.008505
3.100000    0.042447   -1.012101
3.150000   -0.008186   -1.013169
3.200000   -0.058820   -1.011704
3.250000   -0.109328   -1.007711
3.300000   -0.159584   -1.001196
3.350000   -0.209462   -0.992177
3.400000   -0.258837   -0.980674
3.450000   -0.307586   -0.966714
3.500000   -0.355586   -0.950333
3.550000   -0.402718   -0.931569
3.600000   -0.448862   -0.910470
3.650000   -0.493904   -0.887085
3.700000   -0.537730   -0.861474
3.750000   -0.580230   -0.833698
3.800000   -0.621298   -0.803828
3.850000   -0.660829   -0.771935
3.900000   -0.698726   -0.738100
3.950000   -0.734892   -0.702406
4.000000   -0.769235   -0.664941
4.050000   -0.801671   -0.625799
4.100000   -0.832116   -0.585076
4.150000   -0.860494   -0.542874
4.200000   -0.886733   -0.499297
4.250000   -0.910767   -0.454454
4.300000   -0.932534   -0.408457
4.350000   -0.951979   -0.361419
4.400000   -0.969053   -0.313459
4.450000   -0.983711   -0.264695
4.500000   -0.995917   -0.215249
4.550000   -1.005639   -0.165245
4.600000   -1.012851   -0.114806
4.650000   -1.017535   -0.064060
4.700000   -1.019677   -0.013132
4.750000   -1.019272    0.037849
4.800000   -1.016318    0.088757
4.850000   -1.010823    0.139465
4.900000   -1.002799    0.189845
4.950000   -0.992265    0.239772
5.000000   -0.979247    0.289120
5.050000   -0.963776    0.337766
5.100000   -0.945889    0.385588
5.150000   -0.925630    0.432466
5.200000   -0.903050    0.478282
5.250000   -0.878203    0.522923
5.300000   -0.851150    0.566274
5.350000   -0.821959    0.608229
5.400000   -0.790701    0.648680
5.450000   -0.757453    0.687527
5.500000   -0.722299    0.724672
5.550000   -0.685324    0.760021
5.600000   -0.646621    0.793485
5.650000   -0.606286    0.824979
5.700000   -0.564418    0.854425
5.750000   -0.521122    0.881747
5.800000   -0.476506    0.906877
5.850000   -0.430680    0.929750
5.900000   -0.383759    0.950309
5.950000   -0.335858    0.968501
6.000000   -0.287099    0.984280
6.050000   -0.237601    0.997605
6.100000   -0.187489    1.008443
6.150000   -0.136887    1.016764
6.200000   -0.085922    1.022547
6.250000   -0.034721    1.025777
6.300000    0.016588    1.026444
6.350000    0.067877    1.024546
6.400000    0.119017    1.020086
6.450000    0.169881    1.013074
6.500000    0.220342    1.003528
6.550000    0.270274    0.991469
6.600000    0.319550    0.976927
6.650000    0.368048    0.959937
6.700000    0.415647    0.940540
6.750000    0.462226    0.918785
6.800000    0.507670    0.894724
6.850000    0.551863    0.868416
6.900000    0.594696    0.839927
6.950000    0.636060    0.809327
7.000000    0.675851    0.776691
7.050000    0.713969    0.742100
7.100000    0.750319    0.705640
7.150000    0.784809    0.667401
7.200000    0.817351    0.627477
7.250000    0.847863    0.585969
7.300000    0.876270    0.542979
7.350000    0.902497    0.498614
7.400000    0.926480    0.452983
7.450000    0.948158    0.406202
7.500000    0.967474    0.358386
7.550000    0.984380    0.309654
7.600000    0.998832    0.260128
7.650000    1.010794    0.209931
7.700000    1.020235    0.159188
7.750000    1.027129    0.108027
7.800000    1.031459    0.056574
7.850000    1.033213    0.004958
7.900000    1.032384   -0.046691
7.950000    1.028975   -0.098246
8.000000    1.022993   -0.149576
8.050000    1.014451   -0.200554
8.100000    1.003370   -0.251052
8.150000    0.989776   -0.300943
8.200000    0.973703   -0.350103
8.250000    0.955189   -0.398408
8.300000    0.934280   -0.445738
8.350000    0.911027   -0.491973
8.400000    0.885487   -0.536998
8.450000    0.857723   -0.580699
8.500000    0.827804   -0.622967
8.550000    0.795803   -0.663695
8.600000    0.761800   -0.702782
8.650000    0.725878   -0.740128
8.700000    0.688127   -0.775640
8.750000    0.648641   -0.809227
8.800000    0.607516   -0.840806
8.850000    0.564857   -0.870297
8.900000    0.520767   -0.897625
8.950000    0.475357   -0.922720
9.000000    0.428741   -0.945519
9.050000    0.381033   -0.965965
9.100000    0.332353   -0.984004
9.150000    0.282822   -0.999592
9.200000    0.232563   -1.012688
9.250000    0.181703   -1.023257
9.300000    0.130366   -1.031274
9.350000    0.078683   -1.036716
9.400000    0.026782   -1.039569
9.450000   -0.025209   -1.039825
9.500000   -0.077157   -1.037482
9.550000   -0.128935   -1.032545
9.600000   -0.180412   -1.025025
9.650000   -0.231459   -1.014939
9.700000   -0.281949   -1.002313
9.750000   -0.331755   -0.987176
9.800000   -0.380753   -0.969565
9.850000   -0.428820   -0.949524
9.900000   -0.475834   -0.927100
9.950000   -0.521679   -0.902350
