0.000000    1.000000 
0.010000    0.990000 
0.020000    0.980100 
0.030000    0.970299 
0.040000    0.960596 
0.050000    0.950990 
0.060000    0.941480 
0.070000    0.932065 
0.080000    0.922745 
0.090000    0.913517 
0.100000    0.904382 
0.110000    0.895338 
0.120000    0.886385 
0.130000    0.877521 
0.140000    0.868746 
0.150000    0.860058 
0.160000    0.851458 
0.170000    0.842943 
0.180000    0.834514 
0.190000    0.826169 
0.200000    0.817907 
0.210000    0.809728 
0.220000    0.801631 
0.230000    0.793614 
0.240000    0.785678 
0.250000    0.777821 
0.260000    0.770043 
0.270000    0.762343 
0.280000    0.754719 
0.290000    0.747172 
0.300000    0.739700 
0.310000    0.732303 
0.320000    0.724980 
0.330000    0.717731 
0.340000    0.710553 
0.350000    0.703448 
0.360000    0.696413 
0.370000    0.689449 
0.380000    0.682555 
0.390000    0.675729 
0.400000    0.668972 
0.410000    0.662282 
0.420000    0.655659 
0.430000    0.649103 
0.440000    0.642612 
0.450000    0.636185 
0.460000    0.629824 
0.470000    0.623525 
0.480000    0.617290 
0.490000    0.611117 
0.500000    0.605006 
0.510000    0.598956 
0.520000    0.592966 
0.530000    0.587037 
0.540000    0.581166 
0.550000    0.575355 
0.560000    0.569601 
0.570000    0.563905 
0.580000    0.558266 
0.590000    0.552683 
0.600000    0.547157 
0.610000    0.541685 
0.620000    0.536268 
0.630000    0.530906 
0.640000    0.525596 
0.650000    0.520341 
0.660000    0.515137 
0.670000    0.509986 
0.680000    0.504886 
0.690000    0.499837 
0.700000    0.494839 
0.710000    0.489890 
0.720000    0.484991 
0.730000    0.480141 
0.740000    0.475340 
0.750000    0.470587 
0.760000    0.465881 
0.770000    0.461222 
0.780000    0.456610 
0.790000    0.452044 
0.800000    0.447523 
0.810000    0.443048 
0.820000    0.438618 
0.830000    0.434231 
0.840000    0.429889 
0.850000    0.425590 
0.860000    0.421334 
0.870000    0.417121 
0.880000    0.412950 
0.890000    0.408820 
0.900000    0.404732 
0.910000    0.400685 
0.920000    0.396678 
0.930000    0.392711 
0.940000    0.388784 
0.950000    0.384896 
0.960000    0.381047 
0.970000    0.377237 
0.980000    0.373464 
0.990000    0.369730 
1.000000    0.366032 
1.010000    0.362372 
1.020000    0.358748 
1.030000    0.355161 
1.040000    0.351609 
1.050000    0.348093 
1.060000    0.344612 
1.070000    0.341166 
1.080000    0.337754 
1.090000    0.334377 
1.100000    0.331033 
1.110000    0.327723 
1.120000    0.324446 
1.130000    0.321201 
1.140000    0.317989 
1.150000    0.314809 
1.160000    0.311661 
1.170000    0.308544 
1.180000    0.305459 
1.190000    0.302404 
1.200000    0.299380 
1.210000    0.296387 
1.220000    0.293423 
1.230000    0.290489 
1.240000    0.287584 
1.250000    0.284708 
1.260000    0.281861 
1.270000    0.279042 
1.280000    0.276252 
1.290000    0.273489 
1.300000    0.270754 
1.310000    0.268047 
1.320000    0.265366 
1.330000    0.262713 
1.340000    0.260085 
1.350000    0.257485 
1.360000    0.254910 
1.370000    0.252361 
1.380000    0.249837 
1.390000    0.247339 
1.400000    0.244865 
1.410000    0.242417 
1.420000    0.239992 
1.430000    0.237593 
1.440000    0.235217 
1.450000    0.232864 
1.460000    0.230536 
1.470000    0.228230 
1.480000    0.225948 
1.490000    0.223689 
1.500000    0.221452 
1.510000    0.219237 
1.520000    0.217045 
1.530000    0.214874 
1.540000    0.212726 
1.550000    0.210598 
1.560000    0.208492 
1.570000    0.206408 
1.580000    0.204343 
1.590000    0.202300 
1.600000    0.200277 
1.610000    0.198274 
1.620000    0.196292 
1.630000    0.194329 
1.640000    0.192385 
1.650000    0.190461 
1.660000    0.188557 
1.670000    0.186671 
1.680000    0.184805 
1.690000    0.182957 
1.700000    0.181127 
1.710000    0.179316 
1.720000    0.177523 
1.730000    0.175747 
1.740000    0.173990 
1.750000    0.172250 
1.760000    0.170527 
1.770000    0.168822 
1.780000    0.167134 
1.790000    0.165463 
1.800000    0.163808 
1.810000    0.162170 
1.820000    0.160548 
1.830000    0.158943 
1.840000    0.157353 
1.850000    0.155780 
1.860000    0.154222 
1.870000    0.152680 
1.880000    0.151153 
1.890000    0.149641 
1.900000    0.148145 
1.910000    0.146664 
1.920000    0.145197 
1.930000    0.143745 
1.940000    0.142307 
1.950000    0.140884 
1.960000    0.139476 
1.970000    0.138081 
1.980000    0.136700 
1.990000    0.135333 
2.000000    0.133980 
2.010000    0.132640 
2.020000    0.131313 
2.030000    0.130000 
2.040000    0.128700 
2.050000    0.127413 
2.060000    0.126139 
2.070000    0.124878 
2.080000    0.123629 
2.090000    0.122393 
2.100000    0.121169 
2.110000    0.119957 
2.120000    0.118758 
2.130000    0.117570 
2.140000    0.116394 
2.150000    0.115230 
2.160000    0.114078 
2.170000    0.112937 
2.180000    0.111808 
2.190000    0.110690 
2.200000    0.109583 
2.210000    0.108487 
2.220000    0.107402 
2.230000    0.106328 
2.240000    0.105265 
2.250000    0.104212 
2.260000    0.103170 
2.270000    0.102138 
2.280000    0.101117 
2.290000    0.100106 
2.300000    0.099105 
2.310000    0.098114 
2.320000    0.097133 
2.330000    0.096161 
2.340000    0.095200 
2.350000    0.094248 
2.360000    0.093305 
2.370000    0.092372 
2.380000    0.091448 
2.390000    0.090534 
2.400000    0.089629 
2.410000    0.088732 
2.420000    0.087845 
2.430000    0.086967 
2.440000    0.086097 
2.450000    0.085236 
2.460000    0.084384 
2.470000    0.083540 
2.480000    0.082704 
2.490000    0.081877 
2.500000    0.081059 
2.510000    0.080248 
2.520000    0.079445 
2.530000    0.078651 
2.540000    0.077864 
2.550000    0.077086 
2.560000    0.076315 
2.570000    0.075552 
2.580000    0.074796 
2.590000    0.074048 
2.600000    0.073308 
2.610000    0.072575 
2.620000    0.071849 
2.630000    0.071131 
2.640000    0.070419 
2.650000    0.069715 
2.660000    0.069018 
2.670000    0.068328 
2.680000    0.067644 
2.690000    0.066968 
2.700000    0.066298 
2.710000    0.065635 
2.720000    0.064979 
2.730000    0.064329 
2.740000    0.063686 
2.750000    0.063049 
2.760000    0.062419 
2.770000    0.061794 
2.780000    0.061176 
2.790000    0.060565 
2.800000    0.059959 
2.810000    0.059359 
2.820000    0.058766 
2.830000    0.058178 
2.840000    0.057596 
2.850000    0.057020 
2.860000    0.056450 
2.870000    0.055886 
2.880000    0.055327 
2.890000    0.054774 
2.900000    0.054226 
2.910000    0.053684 
2.920000    0.053147 
2.930000    0.052615 
2.940000    0.052089 
2.950000    0.051568 
2.960000    0.051053 
2.970000    0.050542 
2.980000    0.050037 
2.990000    0.049536 
3.000000    0.049041 
3.010000    0.048550 
3.020000    0.048065 
3.030000    0.047584 
3.040000    0.047108 
3.050000    0.046637 
3.060000    0.046171 
3.070000    0.045709 
3.080000    0.045252 
3.090000    0.044800 
3.100000    0.044352 
3.110000    0.043908 
3.120000    0.043469 
3.130000    0.043034 
3.140000    0.042604 
3.150000    0.042178 
3.160000    0.041756 
3.170000    0.041339 
3.180000    0.040925 
3.190000    0.040516 
3.200000    0.040111 
3.210000    0.039710 
3.220000    0.039313 
3.230000    0.038920 
3.240000    0.038530 
3.250000    0.038145 
3.260000    0.037764 
3.270000    0.037386 
3.280000    0.037012 
3.290000    0.036642 
3.300000    0.036276 
3.310000    0.035913 
3.320000    0.035554 
3.330000    0.035198 
3.340000    0.034846 
3.350000    0.034498 
3.360000    0.034153 
3.370000    0.033811 
3.380000    0.033473 
3.390000    0.033138 
3.400000    0.032807 
3.410000    0.032479 
3.420000    0.032154 
3.430000    0.031833 
3.440000    0.031514 
3.450000    0.031199 
3.460000    0.030887 
3.470000    0.030578 
3.480000    0.030272 
3.490000    0.029970 
3.500000    0.029670 
3.510000    0.029373 
3.520000    0.029080 
3.530000    0.028789 
3.540000    0.028501 
3.550000    0.028216 
3.560000    0.027934 
3.570000    0.027654 
3.580000    0.027378 
3.590000    0.027104 
3.600000    0.026833 
3.610000    0.026565 
3.620000    0.026299 
3.630000    0.026036 
3.640000    0.025776 
3.650000    0.025518 
3.660000    0.025263 
3.670000    0.025010 
3.680000    0.024760 
3.690000    0.024512 
3.700000    0.024267 
3.710000    0.024025 
3.720000    0.023784 
3.730000    0.023547 
3.740000    0.023311 
3.750000    0.023078 
3.760000    0.022847 
3.770000    0.022619 
3.780000    0.022393 
3.790000    0.022169 
3.800000    0.021947 
3.810000    0.021727 
3.820000    0.021510 
3.830000    0.021295 
3.840000    0.021082 
3.850000    0.020871 
3.860000    0.020663 
3.870000    0.020456 
3.880000    0.020251 
3.890000    0.020049 
3.900000    0.019848 
3.910000    0.019650 
3.920000    0.019453 
3.930000    0.019259 
3.940000    0.019066 
3.950000    0.018876 
3.960000    0.018687 
3.970000    0.018500 
3.980000    0.018315 
3.990000    0.018132 
4.000000    0.017951 
4.010000    0.017771 
4.020000    0.017593 
4.030000    0.017417 
4.040000    0.017243 
4.050000    0.017071 
4.060000    0.016900 
4.070000    0.016731 
4.080000    0.016564 
4.090000    0.016398 
4.100000    0.016234 
4.110000    0.016072 
4.120000    0.015911 
4.130000    0.015752 
4.140000    0.015594 
4.150000    0.015439 
4.160000    0.015284 
4.170000    0.015131 
4.180000    0.014980 
4.190000    0.014830 
4.200000    0.014682 
4.210000    0.014535 
4.220000    0.014390 
4.230000    0.014246 
4.240000    0.014103 
4.250000    0.013962 
4.260000    0.013823 
4.270000    0.013684 
4.280000    0.013548 
4.290000    0.013412 
4.300000    0.013278 
4.310000    0.013145 
4.320000    0.013014 
4.330000    0.012884 
4.340000    0.012755 
4.350000    0.012627 
4.360000    0.012501 
4.370000    0.012376 
4.380000    0.012252 
4.390000    0.012130 
4.400000    0.012008 
4.410000    0.011888 
4.420000    0.011769 
4.430000    0.011652 
4.440000    0.011535 
4.450000    0.011420 
4.460000    0.011306 
4.470000    0.011193 
4.480000    0.011081 
4.490000    0.010970 
4.500000    0.010860 
4.510000    0.010752 
4.520000    0.010644 
4.530000    0.010538 
4.540000    0.010432 
4.550000    0.010328 
4.560000    0.010225 
4.570000    0.010122 
4.580000    0.010021 
4.590000    0.009921 
4.600000    0.009822 
4.610000    0.009724 
4.620000    0.009626 
4.630000    0.009530 
4.640000    0.009435 
4.650000    0.009340 
4.660000    0.009247 
4.670000    0.009155 
4.680000    0.009063 
4.690000    0.008972 
4.700000    0.008883 
4.710000    0.008794 
4.720000    0.008706 
4.730000    0.008619 
4.740000    0.008533 
4.750000    0.008447 
4.760000    0.008363 
4.770000    0.008279 
4.780000    0.008196 
4.790000    0.008114 
4.800000    0.008033 
4.810000    0.007953 
4.820000    0.007873 
4.830000    0.007795 
4.840000    0.007717 
4.850000    0.007640 
4.860000    0.007563 
4.870000    0.007488 
4.880000    0.007413 
4.890000    0.007339 
4.900000    0.007265 
4.910000    0.007193 
4.920000    0.007121 
4.930000    0.007049 
4.940000    0.006979 
4.950000    0.006909 
4.960000    0.006840 
4.970000    0.006772 
4.980000    0.006704 
4.990000    0.006637 
5.000000    0.006570 
5.010000    0.006505 
5.020000    0.006440 
5.030000    0.006375 
5.040000    0.006312 
5.050000    0.006248 
5.060000    0.006186 
5.070000    0.006124 
5.080000    0.006063 
5.090000    0.006002 
5.100000    0.005942 
5.110000    0.005883 
5.120000    0.005824 
5.130000    0.005766 
5.140000    0.005708 
5.150000    0.005651 
5.160000    0.005594 
5.170000    0.005539 
5.180000    0.005483 
5.190000    0.005428 
5.200000    0.005374 
5.210000    0.005320 
5.220000    0.005267 
5.230000    0.005214 
5.240000    0.005162 
5.250000    0.005111 
5.260000    0.005060 
5.270000    0.005009 
5.280000    0.004959 
5.290000    0.004909 
5.300000    0.004860 
5.310000    0.004812 
5.320000    0.004763 
5.330000    0.004716 
5.340000    0.004669 
5.350000    0.004622 
5.360000    0.004576 
5.370000    0.004530 
5.380000    0.004485 
5.390000    0.004440 
5.400000    0.004395 
5.410000    0.004352 
5.420000    0.004308 
5.430000    0.004265 
5.440000    0.004222 
5.450000    0.004180 
5.460000    0.004138 
5.470000    0.004097 
5.480000    0.004056 
5.490000    0.004015 
5.500000    0.003975 
5.510000    0.003935 
5.520000    0.003896 
5.530000    0.003857 
5.540000    0.003819 
5.550000    0.003780 
5.560000    0.003743 
5.570000    0.003705 
5.580000    0.003668 
5.590000    0.003631 
5.600000    0.003595 
5.610000    0.003559 
5.620000    0.003524 
5.630000    0.003488 
5.640000    0.003453 
5.650000    0.003419 
5.660000    0.003385 
5.670000    0.003351 
5.680000    0.003317 
5.690000    0.003284 
5.700000    0.003251 
5.710000    0.003219 
5.720000    0.003187 
5.730000    0.003155 
5.740000    0.003123 
5.750000    0.003092 
5.760000    0.003061 
5.770000    0.003030 
5.780000    0.003000 
5.790000    0.002970 
5.800000    0.002940 
5.810000    0.002911 
5.820000    0.002882 
5.830000    0.002853 
5.840000    0.002825 
5.850000    0.002796 
5.860000    0.002768 
5.870000    0.002741 
5.880000    0.002713 
5.890000    0.002686 
5.900000    0.002659 
5.910000    0.002633 
5.920000    0.002606 
5.930000    0.002580 
5.940000    0.002554 
5.950000    0.002529 
5.960000    0.002504 
5.970000    0.002479 
5.980000    0.002454 
5.990000    0.002429 
6.000000    0.002405 
6.010000    0.002381 
6.020000    0.002357 
6.030000    0.002334 
6.040000    0.002310 
6.050000    0.002287 
6.060000    0.002264 
6.070000    0.002242 
6.080000    0.002219 
6.090000    0.002197 
6.100000    0.002175 
6.110000    0.002153 
6.120000    0.002132 
6.130000    0.002110 
6.140000    0.002089 
6.150000    0.002068 
6.160000    0.002048 
6.170000    0.002027 
6.180000    0.002007 
6.190000    0.001987 
6.200000    0.001967 
6.210000    0.001947 
6.220000    0.001928 
6.230000    0.001909 
6.240000    0.001890 
6.250000    0.001871 
6.260000    0.001852 
6.270000    0.001833 
6.280000    0.001815 
6.290000    0.001797 
6.300000    0.001779 
6.310000    0.001761 
6.320000    0.001744 
6.330000    0.001726 
6.340000    0.001709 
6.350000    0.001692 
6.360000    0.001675 
6.370000    0.001658 
6.380000    0.001642 
6.390000    0.001625 
6.400000    0.001609 
6.410000    0.001593 
6.420000    0.001577 
6.430000    0.001561 
6.440000    0.001545 
6.450000    0.001530 
6.460000    0.001515 
6.470000    0.001500 
6.480000    0.001485 
6.490000    0.001470 
6.500000    0.001455 
6.510000    0.001440 
6.520000    0.001426 
6.530000    0.001412 
6.540000    0.001398 
6.550000    0.001384 
6.560000    0.001370 
6.570000    0.001356 
6.580000    0.001343 
6.590000    0.001329 
6.600000    0.001316 
6.610000    0.001303 
6.620000    0.001290 
6.630000    0.001277 
6.640000    0.001264 
6.650000    0.001251 
6.660000    0.001239 
6.670000    0.001227 
6.680000    0.001214 
6.690000    0.001202 
6.700000    0.001190 
6.710000    0.001178 
6.720000    0.001166 
6.730000    0.001155 
6.740000    0.001143 
6.750000    0.001132 
6.760000    0.001120 
6.770000    0.001109 
6.780000    0.001098 
6.790000    0.001087 
6.800000    0.001076 
6.810000    0.001066 
6.820000    0.001055 
6.830000    0.001044 
6.840000    0.001034 
6.850000    0.001024 
6.860000    0.001013 
6.870000    0.001003 
6.880000    0.000993 
6.890000    0.000983 
6.900000    0.000973 
6.910000    0.000964 
6.920000    0.000954 
6.930000    0.000944 
6.940000    0.000935 
6.950000    0.000926 
6.960000    0.000916 
6.970000    0.000907 
6.980000    0.000898 
6.990000    0.000889 
7.000000    0.000880 
7.010000    0.000872 
7.020000    0.000863 
7.030000    0.000854 
7.040000    0.000846 
7.050000    0.000837 
7.060000    0.000829 
7.070000    0.000821 
7.080000    0.000812 
7.090000    0.000804 
7.100000    0.000796 
7.110000    0.000788 
7.120000    0.000780 
7.130000    0.000772 
7.140000    0.000765 
7.150000    0.000757 
7.160000    0.000750 
7.170000    0.000742 
7.180000    0.000735 
7.190000    0.000727 
7.200000    0.000720 
7.210000    0.000713 
7.220000    0.000706 
7.230000    0.000699 
7.240000    0.000692 
7.250000    0.000685 
7.260000    0.000678 
7.270000    0.000671 
7.280000    0.000664 
7.290000    0.000658 
7.300000    0.000651 
7.310000    0.000645 
7.320000    0.000638 
7.330000    0.000632 
7.340000    0.000626 
7.350000    0.000619 
7.360000    0.000613 
7.370000    0.000607 
7.380000    0.000601 
7.390000    0.000595 
7.400000    0.000589 
7.410000    0.000583 
7.420000    0.000577 
7.430000    0.000571 
7.440000    0.000566 
7.450000    0.000560 
7.460000    0.000554 
7.470000    0.000549 
7.480000    0.000543 
7.490000    0.000538 
7.500000    0.000533 
7.510000    0.000527 
7.520000    0.000522 
7.530000    0.000517 
7.540000    0.000512 
7.550000    0.000506 
7.560000    0.000501 
7.570000    0.000496 
7.580000    0.000491 
7.590000    0.000487 
7.600000    0.000482 
7.610000    0.000477 
7.620000    0.000472 
7.630000    0.000467 
7.640000    0.000463 
7.650000    0.000458 
7.660000    0.000453 
7.670000    0.000449 
7.680000    0.000444 
7.690000    0.000440 
7.700000    0.000436 
7.710000    0.000431 
7.720000    0.000427 
7.730000    0.000423 
7.740000    0.000418 
7.750000    0.000414 
7.760000    0.000410 
7.770000    0.000406 
7.780000    0.000402 
7.790000    0.000398 
7.800000    0.000394 
7.810000    0.000390 
7.820000    0.000386 
7.830000    0.000382 
7.840000    0.000378 
7.850000    0.000375 
7.860000    0.000371 
7.870000    0.000367 
7.880000    0.000364 
7.890000    0.000360 
7.900000    0.000356 
7.910000    0.000353 
7.920000    0.000349 
7.930000    0.000346 
7.940000    0.000342 
7.950000    0.000339 
7.960000    0.000335 
7.970000    0.000332 
7.980000    0.000329 
7.990000    0.000325 
8.000000    0.000322 
8.010000    0.000319 
8.020000    0.000316 
8.030000    0.000313 
8.040000    0.000310 
8.050000    0.000306 
8.060000    0.000303 
8.070000    0.000300 
8.080000    0.000297 
8.090000    0.000294 
8.100000    0.000291 
8.110000    0.000288 
8.120000    0.000286 
8.130000    0.000283 
8.140000    0.000280 
8.150000    0.000277 
8.160000    0.000274 
8.170000    0.000272 
8.180000    0.000269 
8.190000    0.000266 
8.200000    0.000264 
8.210000    0.000261 
8.220000    0.000258 
8.230000    0.000256 
8.240000    0.000253 
8.250000    0.000251 
8.260000    0.000248 
8.270000    0.000246 
8.280000    0.000243 
8.290000    0.000241 
8.300000    0.000238 
8.310000    0.000236 
8.320000    0.000234 
8.330000    0.000231 
8.340000    0.000229 
8.350000    0.000227 
8.360000    0.000224 
8.370000    0.000222 
8.380000    0.000220 
8.390000    0.000218 
8.400000    0.000216 
8.410000    0.000213 
8.420000    0.000211 
8.430000    0.000209 
8.440000    0.000207 
8.450000    0.000205 
8.460000    0.000203 
8.470000    0.000201 
8.480000    0.000199 
8.490000    0.000197 
8.500000    0.000195 
8.510000    0.000193 
8.520000    0.000191 
8.530000    0.000189 
8.540000    0.000187 
8.550000    0.000185 
8.560000    0.000184 
8.570000    0.000182 
8.580000    0.000180 
8.590000    0.000178 
8.600000    0.000176 
8.610000    0.000175 
8.620000    0.000173 
8.630000    0.000171 
8.640000    0.000169 
8.650000    0.000168 
8.660000    0.000166 
8.670000    0.000164 
8.680000    0.000163 
8.690000    0.000161 
8.700000    0.000159 
8.710000    0.000158 
8.720000    0.000156 
8.730000    0.000155 
8.740000    0.000153 
8.750000    0.000152 
8.760000    0.000150 
8.770000    0.000149 
8.780000    0.000147 
8.790000    0.000146 
8.800000    0.000144 
8.810000    0.000143 
8.820000    0.000141 
8.830000    0.000140 
8.840000    0.000139 
8.850000    0.000137 
8.860000    0.000136 
8.870000    0.000134 
8.880000    0.000133 
8.890000    0.000132 
8.900000    0.000130 
8.910000    0.000129 
8.920000    0.000128 
8.930000    0.000127 
8.940000    0.000125 
8.950000    0.000124 
8.960000    0.000123 
8.970000    0.000122 
8.980000    0.000120 
8.990000    0.000119 
9.000000    0.000118 
9.010000    0.000117 
9.020000    0.000116 
9.030000    0.000114 
9.040000    0.000113 
9.050000    0.000112 
9.060000    0.000111 
9.070000    0.000110 
9.080000    0.000109 
9.090000    0.000108 
9.100000    0.000107 
9.110000    0.000106 
9.120000    0.000105 
9.130000    0.000103 
9.140000    0.000102 
9.150000    0.000101 
9.160000    0.000100 
9.170000    0.000099 
9.180000    0.000098 
9.190000    0.000097 
9.200000    0.000096 
9.210000    0.000096 
9.220000    0.000095 
9.230000    0.000094 
9.240000    0.000093 
9.250000    0.000092 
9.260000    0.000091 
9.270000    0.000090 
9.280000    0.000089 
9.290000    0.000088 
9.300000    0.000087 
9.310000    0.000086 
9.320000    0.000086 
9.330000    0.000085 
9.340000    0.000084 
9.350000    0.000083 
9.360000    0.000082 
9.370000    0.000081 
9.380000    0.000081 
9.390000    0.000080 
9.400000    0.000079 
9.410000    0.000078 
9.420000    0.000077 
9.430000    0.000077 
9.440000    0.000076 
9.450000    0.000075 
9.460000    0.000074 
9.470000    0.000074 
9.480000    0.000073 
9.490000    0.000072 
9.500000    0.000071 
9.510000    0.000071 
9.520000    0.000070 
9.530000    0.000069 
9.540000    0.000069 
9.550000    0.000068 
9.560000    0.000067 
9.570000    0.000067 
9.580000    0.000066 
9.590000    0.000065 
9.600000    0.000065 
9.610000    0.000064 
9.620000    0.000063 
9.630000    0.000063 
9.640000    0.000062 
9.650000    0.000061 
9.660000    0.000061 
9.670000    0.000060 
9.680000    0.000060 
9.690000    0.000059 
9.700000    0.000058 
9.710000    0.000058 
9.720000    0.000057 
9.730000    0.000057 
9.740000    0.000056 
9.750000    0.000056 
9.760000    0.000055 
9.770000    0.000054 
9.780000    0.000054 
9.790000    0.000053 
9.800000    0.000053 
9.810000    0.000052 
9.820000    0.000052 
9.830000    0.000051 
9.840000    0.000051 
9.850000    0.000050 
9.860000    0.000050 
9.870000    0.000049 
9.880000    0.000049 
9.890000    0.000048 
9.900000    0.000048 
9.910000    0.000047 
9.920000    0.000047 
9.930000    0.000046 
9.940000    0.000046 
9.950000    0.000045 
9.960000    0.000045 
9.970000    0.000044 
9.980000    0.000044 
9.990000    0.000044 
10.000000    0.000043 
10.010000    0.000043 
10.020000    0.000042 
10.030000    0.000042 
10.040000    0.000041 
10.050000    0.000041 
10.060000    0.000041 
10.070000    0.000040 
10.080000    0.000040 
10.090000    0.000039 
10.100000    0.000039 
10.110000    0.000039 
10.120000    0.000038 
10.130000    0.000038 
10.140000    0.000038 
10.150000    0.000037 
10.160000    0.000037 
10.170000    0.000036 
10.180000    0.000036 
10.190000    0.000036 
10.200000    0.000035 
10.210000    0.000035 
10.220000    0.000035 
10.230000    0.000034 
10.240000    0.000034 
10.250000    0.000034 
10.260000    0.000033 
10.270000    0.000033 
10.280000    0.000033 
10.290000    0.000032 
10.300000    0.000032 
10.310000    0.000032 
10.320000    0.000031 
10.330000    0.000031 
10.340000    0.000031 
10.350000    0.000030 
10.360000    0.000030 
10.370000    0.000030 
10.380000    0.000029 
10.390000    0.000029 
10.400000    0.000029 
10.410000    0.000029 
10.420000    0.000028 
10.430000    0.000028 
10.440000    0.000028 
10.450000    0.000027 
10.460000    0.000027 
10.470000    0.000027 
10.480000    0.000027 
10.490000    0.000026 
10.500000    0.000026 
10.510000    0.000026 
10.520000    0.000026 
10.530000    0.000025 
10.540000    0.000025 
10.550000    0.000025 
10.560000    0.000025 
10.570000    0.000024 
10.580000    0.000024 
10.590000    0.000024 
10.600000    0.000024 
10.610000    0.000023 
10.620000    0.000023 
10.630000    0.000023 
10.640000    0.000023 
10.650000    0.000022 
10.660000    0.000022 
10.670000    0.000022 
10.680000    0.000022 
10.690000    0.000022 
10.700000    0.000021 
10.710000    0.000021 
10.720000    0.000021 
10.730000    0.000021 
10.740000    0.000021 
10.750000    0.000020 
10.760000    0.000020 
10.770000    0.000020 
10.780000    0.000020 
10.790000    0.000020 
10.800000    0.000019 
10.810000    0.000019 
10.820000    0.000019 
10.830000    0.000019 
10.840000    0.000019 
10.850000    0.000018 
10.860000    0.000018 
10.870000    0.000018 
10.880000    0.000018 
10.890000    0.000018 
10.900000    0.000017 
10.910000    0.000017 
10.920000    0.000017 
10.930000    0.000017 
10.940000    0.000017 
10.950000    0.000017 
10.960000    0.000016 
10.970000    0.000016 
10.980000    0.000016 
10.990000    0.000016 
11.000000    0.000016 
11.010000    0.000016 
11.020000    0.000015 
11.030000    0.000015 
11.040000    0.000015 
11.050000    0.000015 
11.060000    0.000015 
11.070000    0.000015 
11.080000    0.000015 
11.090000    0.000014 
11.100000    0.000014 
11.110000    0.000014 
11.120000    0.000014 
11.130000    0.000014 
11.140000    0.000014 
11.150000    0.000014 
11.160000    0.000013 
11.170000    0.000013 
11.180000    0.000013 
11.190000    0.000013 
11.200000    0.000013 
11.210000    0.000013 
11.220000    0.000013 
11.230000    0.000013 
11.240000    0.000012 
11.250000    0.000012 
11.260000    0.000012 
11.270000    0.000012 
11.280000    0.000012 
11.290000    0.000012 
11.300000    0.000012 
11.310000    0.000012 
11.320000    0.000011 
11.330000    0.000011 
11.340000    0.000011 
11.350000    0.000011 
11.360000    0.000011 
11.370000    0.000011 
11.380000    0.000011 
11.390000    0.000011 
11.400000    0.000011 
11.410000    0.000010 
11.420000    0.000010 
11.430000    0.000010 
11.440000    0.000010 
11.450000    0.000010 
11.460000    0.000010 
11.470000    0.000010 
11.480000    0.000010 
11.490000    0.000010 
11.500000    0.000010 
11.510000    0.000009 
11.520000    0.000009 
11.530000    0.000009 
11.540000    0.000009 
11.550000    0.000009 
11.560000    0.000009 
11.570000    0.000009 
11.580000    0.000009 
11.590000    0.000009 
11.600000    0.000009 
11.610000    0.000009 
11.620000    0.000008 
11.630000    0.000008 
11.640000    0.000008 
11.650000    0.000008 
11.660000    0.000008 
11.670000    0.000008 
11.680000    0.000008 
11.690000    0.000008 
11.700000    0.000008 
11.710000    0.000008 
11.720000    0.000008 
11.730000    0.000008 
11.740000    0.000008 
11.750000    0.000007 
11.760000    0.000007 
11.770000    0.000007 
11.780000    0.000007 
11.790000    0.000007 
11.800000    0.000007 
11.810000    0.000007 
11.820000    0.000007 
11.830000    0.000007 
11.840000    0.000007 
11.850000    0.000007 
11.860000    0.000007 
11.870000    0.000007 
11.880000    0.000007 
11.890000    0.000006 
11.900000    0.000006 
11.910000    0.000006 
11.920000    0.000006 
11.930000    0.000006 
11.940000    0.000006 
11.950000    0.000006 
11.960000    0.000006 
11.970000    0.000006 
11.980000    0.000006 
11.990000    0.000006 
12.000000    0.000006 
12.010000    0.000006 
12.020000    0.000006 
12.030000    0.000006 
12.040000    0.000006 
12.050000    0.000006 
12.060000    0.000005 
12.070000    0.000005 
12.080000    0.000005 
12.090000    0.000005 
12.100000    0.000005 
12.110000    0.000005 
12.120000    0.000005 
12.130000    0.000005 
12.140000    0.000005 
12.150000    0.000005 
12.160000    0.000005 
12.170000    0.000005 
12.180000    0.000005 
12.190000    0.000005 
12.200000    0.000005 
12.210000    0.000005 
12.220000    0.000005 
12.230000    0.000005 
12.240000    0.000005 
12.250000    0.000004 
12.260000    0.000004 
12.270000    0.000004 
12.280000    0.000004 
12.290000    0.000004 
12.300000    0.000004 
12.310000    0.000004 
12.320000    0.000004 
12.330000    0.000004 
12.340000    0.000004 
12.350000    0.000004 
12.360000    0.000004 
12.370000    0.000004 
12.380000    0.000004 
12.390000    0.000004 
12.400000    0.000004 
12.410000    0.000004 
12.420000    0.000004 
12.430000    0.000004 
12.440000    0.000004 
12.450000    0.000004 
12.460000    0.000004 
12.470000    0.000004 
12.480000    0.000004 
12.490000    0.000004 
12.500000    0.000003 
12.510000    0.000003 
12.520000    0.000003 
12.530000    0.000003 
12.540000    0.000003 
12.550000    0.000003 
12.560000    0.000003 
12.570000    0.000003 
12.580000    0.000003 
12.590000    0.000003 
12.600000    0.000003 
12.610000    0.000003 
12.620000    0.000003 
12.630000    0.000003 
12.640000    0.000003 
12.650000    0.000003 
12.660000    0.000003 
12.670000    0.000003 
12.680000    0.000003 
12.690000    0.000003 
12.700000    0.000003 
12.710000    0.000003 
12.720000    0.000003 
12.730000    0.000003 
12.740000    0.000003 
12.750000    0.000003 
12.760000    0.000003 
12.770000    0.000003 
12.780000    0.000003 
12.790000    0.000003 
12.800000    0.000003 
12.810000    0.000003 
12.820000    0.000003 
12.830000    0.000003 
12.840000    0.000002 
12.850000    0.000002 
12.860000    0.000002 
12.870000    0.000002 
12.880000    0.000002 
12.890000    0.000002 
12.900000    0.000002 
12.910000    0.000002 
12.920000    0.000002 
12.930000    0.000002 
12.940000    0.000002 
12.950000    0.000002 
12.960000    0.000002 
12.970000    0.000002 
12.980000    0.000002 
12.990000    0.000002 
13.000000    0.000002 
13.010000    0.000002 
13.020000    0.000002 
13.030000    0.000002 
13.040000    0.000002 
13.050000    0.000002 
13.060000    0.000002 
13.070000    0.000002 
13.080000    0.000002 
13.090000    0.000002 
13.100000    0.000002 
13.110000    0.000002 
13.120000    0.000002 
13.130000    0.000002 
13.140000    0.000002 
13.150000    0.000002 
13.160000    0.000002 
13.170000    0.000002 
13.180000    0.000002 
13.190000    0.000002 
13.200000    0.000002 
13.210000    0.000002 
13.220000    0.000002 
13.230000    0.000002 
13.240000    0.000002 
13.250000    0.000002 
13.260000    0.000002 
13.270000    0.000002 
13.280000    0.000002 
13.290000    0.000002 
13.300000    0.000002 
13.310000    0.000002 
13.320000    0.000002 
13.330000    0.000002 
13.340000    0.000002 
13.350000    0.000001 
13.360000    0.000001 
13.370000    0.000001 
13.380000    0.000001 
13.390000    0.000001 
13.400000    0.000001 
13.410000    0.000001 
13.420000    0.000001 
13.430000    0.000001 
13.440000    0.000001 
13.450000    0.000001 
13.460000    0.000001 
13.470000    0.000001 
13.480000    0.000001 
13.490000    0.000001 
13.500000    0.000001 
13.510000    0.000001 
13.520000    0.000001 
13.530000    0.000001 
13.540000    0.000001 
13.550000    0.000001 
13.560000    0.000001 
13.570000    0.000001 
13.580000    0.000001 
13.590000    0.000001 
13.600000    0.000001 
13.610000    0.000001 
13.620000    0.000001 
13.630000    0.000001 
13.640000    0.000001 
13.650000    0.000001 
13.660000    0.000001 
13.670000    0.000001 
13.680000    0.000001 
13.690000    0.000001 
13.700000    0.000001 
13.710000    0.000001 
13.720000    0.000001 
13.730000    0.000001 
13.740000    0.000001 
13.750000    0.000001 
13.760000    0.000001 
13.770000    0.000001 
13.780000    0.000001 
13.790000    0.000001 
13.800000    0.000001 
13.810000    0.000001 
13.820000    0.000001 
13.830000    0.000001 
13.840000    0.000001 
13.850000    0.000001 
13.860000    0.000001 
13.870000    0.000001 
13.880000    0.000001 
13.890000    0.000001 
13.900000    0.000001 
13.910000    0.000001 
13.920000    0.000001 
13.930000    0.000001 
13.940000    0.000001 
13.950000    0.000001 
13.960000    0.000001 
13.970000    0.000001 
13.980000    0.000001 
13.990000    0.000001 
14.000000    0.000001 
14.010000    0.000001 
14.020000    0.000001 
14.030000    0.000001 
14.040000    0.000001 
14.050000    0.000001 
14.060000    0.000001 
14.070000    0.000001 
14.080000    0.000001 
14.090000    0.000001 
14.100000    0.000001 
14.110000    0.000001 
14.120000    0.000001 
14.130000    0.000001 
14.140000    0.000001 
14.150000    0.000001 
14.160000    0.000001 
14.170000    0.000001 
14.180000    0.000001 
14.190000    0.000001 
14.200000    0.000001 
14.210000    0.000001 
14.220000    0.000001 
14.230000    0.000001 
14.240000    0.000001 
14.250000    0.000001 
14.260000    0.000001 
14.270000    0.000001 
14.280000    0.000001 
14.290000    0.000001 
14.300000    0.000001 
14.310000    0.000001 
14.320000    0.000001 
14.330000    0.000001 
14.340000    0.000001 
14.350000    0.000001 
14.360000    0.000001 
14.370000    0.000001 
14.380000    0.000001 
14.390000    0.000001 
14.400000    0.000001 
14.410000    0.000001 
14.420000    0.000001 
14.430000    0.000001 
14.440000    0.000000 
14.450000    0.000000 
14.460000    0.000000 
14.470000    0.000000 
14.480000    0.000000 
14.490000    0.000000 
14.500000    0.000000 
14.510000    0.000000 
14.520000    0.000000 
14.530000    0.000000 
14.540000    0.000000 
14.550000    0.000000 
14.560000    0.000000 
14.570000    0.000000 
14.580000    0.000000 
14.590000    0.000000 
14.600000    0.000000 
14.610000    0.000000 
14.620000    0.000000 
14.630000    0.000000 
14.640000    0.000000 
14.650000    0.000000 
14.660000    0.000000 
14.670000    0.000000 
14.680000    0.000000 
14.690000    0.000000 
14.700000    0.000000 
14.710000    0.000000 
14.720000    0.000000 
14.730000    0.000000 
14.740000    0.000000 
14.750000    0.000000 
14.760000    0.000000 
14.770000    0.000000 
14.780000    0.000000 
14.790000    0.000000 
14.800000    0.000000 
14.810000    0.000000 
14.820000    0.000000 
14.830000    0.000000 
14.840000    0.000000 
14.850000    0.000000 
14.860000    0.000000 
14.870000    0.000000 
14.880000    0.000000 
14.890000    0.000000 
14.900000    0.000000 
14.910000    0.000000 
14.920000    0.000000 
14.930000    0.000000 
14.940000    0.000000 
14.950000    0.000000 
14.960000    0.000000 
14.970000    0.000000 
14.980000    0.000000 
14.990000    0.000000 
15.000000    0.000000 
15.010000    0.000000 
15.020000    0.000000 
15.030000    0.000000 
15.040000    0.000000 
15.050000    0.000000 
15.060000    0.000000 
15.070000    0.000000 
15.080000    0.000000 
15.090000    0.000000 
15.100000    0.000000 
15.110000    0.000000 
15.120000    0.000000 
15.130000    0.000000 
15.140000    0.000000 
15.150000    0.000000 
15.160000    0.000000 
15.170000    0.000000 
15.180000    0.000000 
15.190000    0.000000 
15.200000    0.000000 
15.210000    0.000000 
15.220000    0.000000 
15.230000    0.000000 
15.240000    0.000000 
15.250000    0.000000 
15.260000    0.000000 
15.270000    0.000000 
15.280000    0.000000 
15.290000    0.000000 
15.300000    0.000000 
15.310000    0.000000 
15.320000    0.000000 
15.330000    0.000000 
15.340000    0.000000 
15.350000    0.000000 
15.360000    0.000000 
15.370000    0.000000 
15.380000    0.000000 
15.390000    0.000000 
15.400000    0.000000 
15.410000    0.000000 
15.420000    0.000000 
15.430000    0.000000 
15.440000    0.000000 
15.450000    0.000000 
15.460000    0.000000 
15.470000    0.000000 
15.480000    0.000000 
15.490000    0.000000 
15.500000    0.000000 
15.510000    0.000000 
15.520000    0.000000 
15.530000    0.000000 
15.540000    0.000000 
15.550000    0.000000 
15.560000    0.000000 
15.570000    0.000000 
15.580000    0.000000 
15.590000    0.000000 
15.600000    0.000000 
15.610000    0.000000 
15.620000    0.000000 
15.630000    0.000000 
15.640000    0.000000 
15.650000    0.000000 
15.660000    0.000000 
15.670000    0.000000 
15.680000    0.000000 
15.690000    0.000000 
15.700000    0.000000 
15.710000    0.000000 
15.720000    0.000000 
15.730000    0.000000 
15.740000    0.000000 
15.750000    0.000000 
15.760000    0.000000 
15.770000    0.000000 
15.780000    0.000000 
15.790000    0.000000 
15.800000    0.000000 
15.810000    0.000000 
15.820000    0.000000 
15.830000    0.000000 
15.840000    0.000000 
15.850000    0.000000 
15.860000    0.000000 
15.870000    0.000000 
15.880000    0.000000 
15.890000    0.000000 
15.900000    0.000000 
15.910000    0.000000 
15.920000    0.000000 
15.930000    0.000000 
15.940000    0.000000 
15.950000    0.000000 
15.960000    0.000000 
15.970000    0.000000 
15.980000    0.000000 
15.990000    0.000000 
16.000000    0.000000 
16.010000    0.000000 
16.020000    0.000000 
16.030000    0.000000 
16.040000    0.000000 
16.050000    0.000000 
16.060000    0.000000 
16.070000    0.000000 
16.080000    0.000000 
16.090000    0.000000 
16.100000    0.000000 
16.110000    0.000000 
16.120000    0.000000 
16.130000    0.000000 
16.140000    0.000000 
16.150000    0.000000 
16.160000    0.000000 
16.170000    0.000000 
16.180000    0.000000 
16.190000    0.000000 
16.200000    0.000000 
16.210000    0.000000 
16.220000    0.000000 
16.230000    0.000000 
16.240000    0.000000 
16.250000    0.000000 
16.260000    0.000000 
16.270000    0.000000 
16.280000    0.000000 
16.290000    0.000000 
16.300000    0.000000 
16.310000    0.000000 
16.320000    0.000000 
16.330000    0.000000 
16.340000    0.000000 
16.350000    0.000000 
16.360000    0.000000 
16.370000    0.000000 
16.380000    0.000000 
16.390000    0.000000 
16.400000    0.000000 
16.410000    0.000000 
16.420000    0.000000 
16.430000    0.000000 
16.440000    0.000000 
16.450000    0.000000 
16.460000    0.000000 
16.470000    0.000000 
16.480000    0.000000 
16.490000    0.000000 
16.500000    0.000000 
16.510000    0.000000 
16.520000    0.000000 
16.530000    0.000000 
16.540000    0.000000 
16.550000    0.000000 
16.560000    0.000000 
16.570000    0.000000 
16.580000    0.000000 
16.590000    0.000000 
16.600000    0.000000 
16.610000    0.000000 
16.620000    0.000000 
16.630000    0.000000 
16.640000    0.000000 
16.650000    0.000000 
16.660000    0.000000 
16.670000    0.000000 
16.680000    0.000000 
16.690000    0.000000 
16.700000    0.000000 
16.710000    0.000000 
16.720000    0.000000 
16.730000    0.000000 
16.740000    0.000000 
16.750000    0.000000 
16.760000    0.000000 
16.770000    0.000000 
16.780000    0.000000 
16.790000    0.000000 
16.800000    0.000000 
16.810000    0.000000 
16.820000    0.000000 
16.830000    0.000000 
16.840000    0.000000 
16.850000    0.000000 
16.860000    0.000000 
16.870000    0.000000 
16.880000    0.000000 
16.890000    0.000000 
16.900000    0.000000 
16.910000    0.000000 
16.920000    0.000000 
16.930000    0.000000 
16.940000    0.000000 
16.950000    0.000000 
16.960000    0.000000 
16.970000    0.000000 
16.980000    0.000000 
16.990000    0.000000 
17.000000    0.000000 
17.010000    0.000000 
17.020000    0.000000 
17.030000    0.000000 
17.040000    0.000000 
17.050000    0.000000 
17.060000    0.000000 
17.070000    0.000000 
17.080000    0.000000 
17.090000    0.000000 
17.100000    0.000000 
17.110000    0.000000 
17.120000    0.000000 
17.130000    0.000000 
17.140000    0.000000 
17.150000    0.000000 
17.160000    0.000000 
17.170000    0.000000 
17.180000    0.000000 
17.190000    0.000000 
17.200000    0.000000 
17.210000    0.000000 
17.220000    0.000000 
17.230000    0.000000 
17.240000    0.000000 
17.250000    0.000000 
17.260000    0.000000 
17.270000    0.000000 
17.280000    0.000000 
17.290000    0.000000 
17.300000    0.000000 
17.310000    0.000000 
17.320000    0.000000 
17.330000    0.000000 
17.340000    0.000000 
17.350000    0.000000 
17.360000    0.000000 
17.370000    0.000000 
17.380000    0.000000 
17.390000    0.000000 
17.400000    0.000000 
17.410000    0.000000 
17.420000    0.000000 
17.430000    0.000000 
17.440000    0.000000 
17.450000    0.000000 
17.460000    0.000000 
17.470000    0.000000 
17.480000    0.000000 
17.490000    0.000000 
17.500000    0.000000 
17.510000    0.000000 
17.520000    0.000000 
17.530000    0.000000 
17.540000    0.000000 
17.550000    0.000000 
17.560000    0.000000 
17.570000    0.000000 
17.580000    0.000000 
17.590000    0.000000 
17.600000    0.000000 
17.610000    0.000000 
17.620000    0.000000 
17.630000    0.000000 
17.640000    0.000000 
17.650000    0.000000 
17.660000    0.000000 
17.670000    0.000000 
17.680000    0.000000 
17.690000    0.000000 
17.700000    0.000000 
17.710000    0.000000 
17.720000    0.000000 
17.730000    0.000000 
17.740000    0.000000 
17.750000    0.000000 
17.760000    0.000000 
17.770000    0.000000 
17.780000    0.000000 
17.790000    0.000000 
17.800000    0.000000 
17.810000    0.000000 
17.820000    0.000000 
17.830000    0.000000 
17.840000    0.000000 
17.850000    0.000000 
17.860000    0.000000 
17.870000    0.000000 
17.880000    0.000000 
17.890000    0.000000 
17.900000    0.000000 
17.910000    0.000000 
17.920000    0.000000 
17.930000    0.000000 
17.940000    0.000000 
17.950000    0.000000 
17.960000    0.000000 
17.970000    0.000000 
17.980000    0.000000 
17.990000    0.000000 
18.000000    0.000000 
18.010000    0.000000 
18.020000    0.000000 
18.030000    0.000000 
18.040000    0.000000 
18.050000    0.000000 
18.060000    0.000000 
18.070000    0.000000 
18.080000    0.000000 
18.090000    0.000000 
18.100000    0.000000 
18.110000    0.000000 
18.120000    0.000000 
18.130000    0.000000 
18.140000    0.000000 
18.150000    0.000000 
18.160000    0.000000 
18.170000    0.000000 
18.180000    0.000000 
18.190000    0.000000 
18.200000    0.000000 
18.210000    0.000000 
18.220000    0.000000 
18.230000    0.000000 
18.240000    0.000000 
18.250000    0.000000 
18.260000    0.000000 
18.270000    0.000000 
18.280000    0.000000 
18.290000    0.000000 
18.300000    0.000000 
18.310000    0.000000 
18.320000    0.000000 
18.330000    0.000000 
18.340000    0.000000 
18.350000    0.000000 
18.360000    0.000000 
18.370000    0.000000 
18.380000    0.000000 
18.390000    0.000000 
18.400000    0.000000 
18.410000    0.000000 
18.420000    0.000000 
18.430000    0.000000 
18.440000    0.000000 
18.450000    0.000000 
18.460000    0.000000 
18.470000    0.000000 
18.480000    0.000000 
18.490000    0.000000 
18.500000    0.000000 
18.510000    0.000000 
18.520000    0.000000 
18.530000    0.000000 
18.540000    0.000000 
18.550000    0.000000 
18.560000    0.000000 
18.570000    0.000000 
18.580000    0.000000 
18.590000    0.000000 
18.600000    0.000000 
18.610000    0.000000 
18.620000    0.000000 
18.630000    0.000000 
18.640000    0.000000 
18.650000    0.000000 
18.660000    0.000000 
18.670000    0.000000 
18.680000    0.000000 
18.690000    0.000000 
18.700000    0.000000 
18.710000    0.000000 
18.720000    0.000000 
18.730000    0.000000 
18.740000    0.000000 
18.750000    0.000000 
18.760000    0.000000 
18.770000    0.000000 
18.780000    0.000000 
18.790000    0.000000 
18.800000    0.000000 
18.810000    0.000000 
18.820000    0.000000 
18.830000    0.000000 
18.840000    0.000000 
18.850000    0.000000 
18.860000    0.000000 
18.870000    0.000000 
18.880000    0.000000 
18.890000    0.000000 
18.900000    0.000000 
18.910000    0.000000 
18.920000    0.000000 
18.930000    0.000000 
18.940000    0.000000 
18.950000    0.000000 
18.960000    0.000000 
18.970000    0.000000 
18.980000    0.000000 
18.990000    0.000000 
19.000000    0.000000 
19.010000    0.000000 
19.020000    0.000000 
19.030000    0.000000 
19.040000    0.000000 
19.050000    0.000000 
19.060000    0.000000 
19.070000    0.000000 
19.080000    0.000000 
19.090000    0.000000 
19.100000    0.000000 
19.110000    0.000000 
19.120000    0.000000 
19.130000    0.000000 
19.140000    0.000000 
19.150000    0.000000 
19.160000    0.000000 
19.170000    0.000000 
19.180000    0.000000 
19.190000    0.000000 
19.200000    0.000000 
19.210000    0.000000 
19.220000    0.000000 
19.230000    0.000000 
19.240000    0.000000 
19.250000    0.000000 
19.260000    0.000000 
19.270000    0.000000 
19.280000    0.000000 
19.290000    0.000000 
19.300000    0.000000 
19.310000    0.000000 
19.320000    0.000000 
19.330000    0.000000 
19.340000    0.000000 
19.350000    0.000000 
19.360000    0.000000 
19.370000    0.000000 
19.380000    0.000000 
19.390000    0.000000 
19.400000    0.000000 
19.410000    0.000000 
19.420000    0.000000 
19.430000    0.000000 
19.440000    0.000000 
19.450000    0.000000 
19.460000    0.000000 
19.470000    0.000000 
19.480000    0.000000 
19.490000    0.000000 
19.500000    0.000000 
19.510000    0.000000 
19.520000    0.000000 
19.530000    0.000000 
19.540000    0.000000 
19.550000    0.000000 
19.560000    0.000000 
19.570000    0.000000 
19.580000    0.000000 
19.590000    0.000000 
19.600000    0.000000 
19.610000    0.000000 
19.620000    0.000000 
19.630000    0.000000 
19.640000    0.000000 
19.650000    0.000000 
19.660000    0.000000 
19.670000    0.000000 
19.680000    0.000000 
19.690000    0.000000 
19.700000    0.000000 
19.710000    0.000000 
19.720000    0.000000 
19.730000    0.000000 
19.740000    0.000000 
19.750000    0.000000 
19.760000    0.000000 
19.770000    0.000000 
19.780000    0.000000 
19.790000    0.000000 
19.800000    0.000000 
19.810000    0.000000 
19.820000    0.000000 
19.830000    0.000000 
19.840000    0.000000 
19.850000    0.000000 
19.860000    0.000000 
19.870000    0.000000 
19.880000    0.000000 
19.890000    0.000000 
19.900000    0.000000 
19.910000    0.000000 
19.920000    0.000000 
19.930000    0.000000 
19.940000    0.000000 
19.950000    0.000000 
19.960000    0.000000 
19.970000    0.000000 
19.980000    0.000000 
19.990000    0.000000 
